Uppland UPP---
3, 2, 1985, 4, 1, 9 (4166) (25) (5) (8)

Gotland GOT---
25 (1930) (3) (1981) (4745)

Bohuslan BHS---
4166 4163 7 4164 16 (3) (2)

Daneland DAN---
12 1983 14 4142 1984 15 4149 13 4141 1775 1857 53 54 (6)

Lund LUN---
6 26 4165 1982 1981 48 2995 (4746)

Varmland VAR---
5 8 10 (1985) (4) (1) (1930) (9) (18) (11)

Smalenene SML---
4143 17 4144 22 20 1860 238 4370 (2752) (23) (24) (4145)

Finnmark FNN---
315 21 (20) (10) (370) (371)

Norgr NRG
4145 24 23 2752 1978 369 251 4110 253 1979 371 370 (4364) (4144) (17) (4143) (22) (20)

Jomsvikings JOM
4745 47 46 4749 2994 1858 (1981) (25) (48) (2995)

Osterbotten OST
19 4152 4113 (11) (18) (4114) (4151) 

Vasterbotten VST
11 18 4114 4151 (19) (4152) (4113)

Nylaand NYL
28 27 4123 29 30 33 34 1842

Karelia KAR
4124 31 32 (309) (1776)

Kildin KDN
1958 4258 313 1776 1777

Pskov PSK
274 1960 275 273 1834 (4148)

Ladoga LAD
1961 2749 4261 312 4259 309

Vologda VOL
314 4263 4262 1755 4122 1955 (4259) (312) (4261)

Holmgardr HOL
310 4260 1959 294 4249 4251 4245 1752 4243 4148 (33) (34) (293) (297) (4244)

Moskva MSK
295 4248 4117 4252 301 4255 307 4253 4147 4250 308 1753 19556 307 1778 1754 2423 304 1081 302 4254 2415

NizhnyNovgorod NIZ
306 1957 4254 (1956) (1754)

Kazan KAZ
1082 4264 2422 1083 1079 1962 1077 305 4266 1972 4265 475 2444 (2420)

Tambov TAM
302

Saratov SAR
2415 303 2419 473 (2418)

Bolgaria BOL
4267 2421 1965 (474) (2420) (2444) (475) (4265) (473) (1081) (2423)

Osel OSL
35 36 39 1930

Livland LIV
37 4241 1935 770 4535 4534 271 (273) (1834) (1842) (36) (29) (35) (1930)

Riga RIG
38

Vilna VIL
272 4536 4537 278 276 4242 292 771 4115 4544 4545 1941

Twangste TWG
41 42 767 40 1936 270 (2958)

Sluck SLU
4545 1941 4247

GaliciaVolhynia GVL
2961 279 2962 4539 281 4529 268 261

Warszawa WRS
257 4525 256 1938 269 1937 277 4538 1940 4541 2424 2959 259

Krakow KRA
262 2960 4527 258 4533 1939 4528 4523

Poznan POZ
254 2963 4526 255 264 4723 263 4238 2966

Pomesania PMS
1859 4524 2958 1841 2997

Gdansk GDS
43

Trubchevsk TRB
4244

Smolensk SMO
293 4246 297 296 4116 300 (4245) (4244)

Kursk KSK
298 4543 1945

Yelets YLT
2408 299

Zaporozhie ZAZ
283 2411 1943 4540 (2412) (1974) (2406) (1944)

Kiev KYV
280 4115 4544 1942 289 2407 1944 4542 290 291 (4540) (1943) (283) (2411) (4247)

Baimoi BAI
134 4762 1770

Lombardii LOM
153 4240 1772 154

Slovakia SLO
1318 162 4125 1953

Hunyadi HNY
4128 4532 1951 157 4127 1952 158

Zizka ZZK
226 267 2967 1771 2970 4724 4725 2968 265 4237 4726 4236 (1770) (4238)

Serbia SER
3001 4780 1766 138 1831 1827 3000 2746 4176 141 4757 1954 156 155

Ostrogothia OTG
128 4759 132 1863 135 152 4751 129 1769 4738 131 4756 1864 4126 4173 1767 140 4755 4239

Rijeka RIJ
4752 130 4753

Bosnia BOS
139 1828 3002

Albania ALB
4175 4750

Epirus EPI
144 1853 4699

Sofia SIA
1765 4703

Macedonia MAC
148 4702 4705 (4779) (151)

Patriarch SOP
146 147 318 319

Morea MOR
145 1773 4701

Magyars MGY
151 4779 149 1764 2750 150 160 161 4531 4704 159 2998 4706 4530 1756 2405 282 2406 1974

Knights KNI
320 164 3003 4700 2348 321

Thacesian THR
2296 2297 (317) (316)

Opsikion OPS
4309 4308 4311 1848

Cibyrrhaeots CIB
2298 2302 324

Antioch ANI
2313 327 4298 377 (1849)

Marash
332 4310

Amed AMD
2303 2305 418

Karin KRN
331 4303 (2305)

Kurdistan KUR
4295 4296 2306 2307 (4293) (4302) (411)

Georgia GEO
2410 328 2304 330 2196 462 1856 4301 423 2203

Yerevan YER
2205 419 2202 4304 2204 (4302)

Pechenegs PCH
316 317 322 4312 2299 325 4313 326 323 4307 4314 2300 1846 4315 329 2301

Bayazids BAY
4302 

Shirvan SHR
421 420 4305 4299 425 4306 2199 2198 (4340) (2202)

Angland

Jorvik

Manx

Lallans

Connacht

Sligo

Mhi

Taudhmhumhain

Cork

Lublin

Kildare

